
%% graphs
%% Single Rotation | B = 2
% e/k vs V+w/nD

fig10a = [
0.4	0.814405881	0.751275889
0.8	0.628154379	0.530140666
1.2	0.468473881	0.368806107
1.6	0.358634339	0.258966565
2.0	0.285332579	0.190648194
2.4	0.238615961	0.147246766
2.8	0.203520181	0.122131901
3.2	0.178398247	0.100325157
3.6	0.154937443	0.085170001
4.0	0.138114088	0.071668905
4.4	0.121297802	0.059836008
4.8	0.102813317	0.051311232];

plots.singleRotation.B2.JwVec = fig10a(:,1);
plots.singleRotation.B2.ekVec = fig10a(:,2);
plots.singleRotation.B2.kVec = fig10a(:,3);

%% Single Rotation | B = 3
% e/k vs V+w/nD
% Figure 7 and 19 of Borst for k and ek respectively
% Columns organized as 1st Col - Jw, 2nd Col - ek, 3rd Col - k

fig7e19kek = [
0.00	0.998245614	0.999867
0.60	0.782466276	0.723883687
1.00	0.623155482	0.531647186
1.60	0.421391925	0.339681858
2.00	0.339274114	0.256526581
2.60	0.266643017	0.179995642
3.00	0.229437486	0.145842539
3.60	0.18348271	0.10568492
4.00	0.160292961	0.088923122
4.60	0.12696011	0.072490603
5.00	0.110855474	0.060471887
5.60	0.087318227	0.051934822
6.00	0.076827626	0.047840614
6.60	0.059574314	0.026655327
7.00	0.061701779	0.027275148];

plots.singleRotation.B3.JwVec = fig7e19kek(:,1);
plots.singleRotation.B3.ekVec = fig7e19kek(:,2);
plots.singleRotation.B3.kVec = fig7e19kek(:,3);

% Interpolation from figs 10a and 10b for B =3 

% fig10a_b_interp = [
% 0.4	0.814405881	0.751275889
% 0.8	0.628154379	0.530140666
% 1.2	0.468473881	0.368806107
% 1.6	0.358634339	0.258966565
% 2	0.285332579	0.190648194
% 2.4	0.238615961	0.147246766
% 2.8	0.203520181	0.122131901
% 3.2	0.178398247	0.100325157
% 3.6	0.154937443	0.085170001
% 4	0.138114088	0.071668905
% 4.4	0.121297802	0.059836008
% 4.8	0.102813317	0.051311232
% ];
% 
% plots.singleRotation.B3.JwVec = fig10a_b_interp(:,1);
% plots.singleRotation.B3.ekVec = fig10a_b_interp(:,2);
% plots.singleRotation.B3.kVec = fig10a_b_interp(:,3);

%% Single Rotation | B = 4
% e/k vs V+w/nD

fig10b = [
0.4	0.873144876	0.84664311
0.8	0.726501767	0.659363958
1.2	0.583392226	0.503886926
1.6	0.459717314	0.37844523
2.0	0.37844523	0.288339223
2.4	0.325441696	0.226501767
2.8	0.2795053	0.185865724
3.2	0.242402827	0.154063604
3.6	0.203533569	0.131095406
4.0	0.171731449	0.111660777
4.4	0.13639576	0.095759717
4.8	0.10459364	0.081625442];

plots.singleRotation.B4.JwVec = fig10b(:,1);
plots.singleRotation.B4.ekVec = fig10b(:,2);
plots.singleRotation.B4.kVec = fig10b(:,3);


%% Dual Rotation | B = 4

% e/k vs V+w/nD

fig11aek = [
0.3841672682845562, 0.9417046148719942
0.5341811517743102, 0.9154717609818404
0.6717165546731827, 0.8923279835619481
0.834208918753818, 0.8630060532015327
0.9466318653856836, 0.8398483922918865
1.0841283945132452, 0.8151566057644248
1.209107569278614, 0.7920058865996557
1.334086744043983, 0.7688551674348864
1.4839840062198035, 0.7379782862220248
1.6089243072138613, 0.7132795579496861
1.7587826956183705, 0.6808546676292553
1.9087577053368139, 0.6530738046315321
2.0711723218748266, 0.6206558560559781
2.2337813072693953, 0.5959779530182706
2.3712778363969567, 0.571286166490809
2.521330593658022, 0.5466013217082244
2.671461098461709, 0.5250124951407785
2.8591825401232853, 0.5003484755928249
3.0344255011939802, 0.478773532515133
3.23470317098906, 0.4541164547120563
3.42258010773588, 0.4356444715943799
3.610495918254012, 0.41872049758427254
3.7734158938190703, 0.4064266674071193
3.9614871994224465, 0.39569472982728926
4.162075859388016, 0.3834217248847669
4.425523407563725, 0.37427944688176806
4.638862664519353, 0.3697534292219691
4.8269728438940405, 0.3605695007497083
4.977647581496084, 0.3606528016882322];

plots.dualRotation.B4.JekVec = fig11aek(:,1);
plots.dualRotation.B4.ekVec = fig11aek(:,2);

% k vs V+w/nD

fig11ak = [
0.3954406619647915, 0.8906272560670849
0.49522963292053096, 0.8643666351974232
0.6074970844671517, 0.8350169378574998
0.7072083078802689, 0.8056602987726994
0.8320708613317045, 0.7778655522852224
0.9442994391070141, 0.7469678458377297
1.0566057644249458, 0.7191661576053756
1.2189426334203368, 0.6836521908146831
1.343766313100461, 0.6543094352196368
1.4936635752762817, 0.6234325540067751
1.6310046093185984, 0.5925487310490365
1.755906036541345, 0.5663019936691286
1.9057255511745437, 0.5323290942411283
2.055661687121675, 0.5030002221358361
2.2057533181540516, 0.4798633864608207
2.3808019103681897, 0.45054839784528233
2.555850502582329, 0.42123340922974384
2.706019881157328, 0.4011925917698672
2.8560726384183925, 0.3765077469872826
3.018837118898206, 0.35802188037985216
3.2066363081024045, 0.33645387904703716
3.4069917254401068, 0.3148928194590991
3.5949075359582383, 0.29796884544899194
3.7953407008385627, 0.27950380407619235
4.0208474482145835, 0.2595046370855777
4.221436108180152, 0.24723163214305532
4.4596157050036105, 0.23188343422002533
4.6476481368356755, 0.21960348753262604
4.823202088076859, 0.21041261731548833
4.936013772421836, 0.20273504748153492];

plots.dualRotation.B4.JkVec = fig11ak(:,1);
plots.dualRotation.B4.kVec = fig11ak(:,2);

%% Dual Rotation | B = 8

% e/k vs V+w/nD

fig11bek = [
0.4160788720142081, 0.9609010837652687
0.6453296603718863, 0.9473721410707165
0.8133386494617421, 0.9339156910362826
0.9660951828627358, 0.9223712349124651
1.1187937221356332, 0.9089329080430606
1.30205516691435, 0.89356446409801
1.4698321794918252, 0.872532531081228
1.637725180325492, 0.8552883395556199
1.7749972815252448, 0.838080394360071
1.912327376853094, 0.8227663199101091
2.003900105114357, 0.8131882271919968
2.141056218057922, 0.7921925405052738
2.2783283192576755, 0.7749845953097249
2.446047337707057, 0.7520587915473558
2.6441552792779737, 0.7215212584725796
2.7965638479103996, 0.69861357787524
2.979535322048643, 0.6737757802022545
3.116691434992208, 0.6527800935155315
3.269273986008918, 0.635554025154953
3.482866359781073, 0.6106799811519084
3.6813222661205556, 0.5915056725506542
3.89514661640509, 0.5742071115299575
4.109086954945812, 0.5606962920004348
4.338395737431585, 0.5490612200514697
4.567704519917359, 0.5374261481025044
4.965428250389649, 0.5255917213382144];

plots.dualRotation.B8.JekVec = fig11bek(:,1);
plots.dualRotation.B8.ekVec = fig11bek(:,2);

% k vs V+w/nD

fig11bk = [
0.4001304867882114, 0.9400866287288412
0.5527130378049216, 0.9228605603682627
0.6746166950596244, 0.9037768675921563
0.8271992460763347, 0.8865507992315778
0.9491029033310374, 0.8674671064554713
1.0863170104026967, 0.8483652905143354
1.2540940229801727, 0.8273333574975533
1.406560585740694, 0.8063195476458008
1.6048425096958931, 0.7814636268077857
1.757251078328319, 0.7585559462104461
1.9096596469607459, 0.7356482656131066
2.0621842038493607, 0.7165283265069411
2.2145927724817867, 0.6936206459096016
2.3975062524919357, 0.6668889774910289
2.5347783536916886, 0.64968103229548
2.672050454891443, 0.6324730870999311
2.824459023523869, 0.6095654065025915
3.022740947479069, 0.5847094856645764
3.190517960056545, 0.5636775526477944
3.3278480553843925, 0.5483634781978324
3.44980970676719, 0.531173656167313
3.6023342636558064, 0.5120537170611474
3.770285258617567, 0.4967033962811265
3.9229258037623707, 0.481371198666135
4.1212657218456625, 0.45840914857370685
4.335032078002103, 0.43921671680742314
4.533487984341588, 0.4200424082061691
4.701438979303346, 0.40469208742614804
4.976389140599516, 0.3835332922541591];

plots.dualRotation.B8.JkVec = fig11bk(:,1);
plots.dualRotation.B8.kVec = fig11bk(:,2);


%% Dual Rotation | B = 12

% e/k vs V+w/nD

